1524873673093664768
1524874078586298382
1524875134095466498
1524875302874370048
1524875433224847361
1524875557514661888
1524875708476047361
1527603025266847744
1527603185812180992
1527603363134820352
1527603573114122240
1527603780988063745
1527603984747331584
1527604251635195905
1530139382094635008
1530139607995654146
1530139946006216704
1530140171991121921
1530140544332095490
1530140770136629248
1530140883391496192
1530141037330583562
1532673017574309890
1532673344528691201
1532673622237650944
1532673818854293505
1532674000677130244
1532674247121940480
1532674568200011776
1535208447100297217
1535208729112616960
1535208949301002243
1535209136639594497
1535209322631860233
1535209505591640065
1535209691009130497
1537748449965350912
1537748588796715009
1537748810440527876
1537749165299716097
1537749431117832192
1537749593429098496
1537749934602076163
1540285608068878336
1540285860851113989
1540286285822267394
1540286460624097280
1540286690580905985
1540286852032233474
1540287054340300801
